26.277 -12.2673 14.5017
26.8272 -12.9414 14.9231
27.9583 -14.4467 15.8352
31.1307 -19.9319 18.9085
31.1555 -19.9859 18.9373
31.2787 -20.2575 19.0817
31.8422 -21.5894 19.7822
32.3921 -23.0675 20.5461
32.7922 -24.2983 21.1729
33.2458 -25.9333 21.9948
33.3216 -26.2417 22.1486
33.3683 -26.4375 22.2461
33.4437 -26.7658 22.4092
33.5044 -27.0413 22.5458
33.5777 -27.3899 22.7184
34.0991 -30.7921 24.3861
34.14 -31.218 24.5933
34.1524 -31.3603 24.6625
34.1871 -31.8002 24.8762
34.2209 -32.3206 25.1287
34.2728 -34.7985 26.3294
34.0956 -37.7953 27.7838
11.3366 -66.6244 46.5574
8.03437 -67.5985 48.2256
6.7 -67.8922 48.8874
6.66842 -67.8985 48.903
-0.9 -68.5416 52.5893
-3.41472 -68.3829 53.8099
-10.7525 -66.8232 57.4504
-11.3363 -66.6245 57.7491
-34.0954 -37.7955 76.5227
-34.2631 -35.2357 77.7654
-34.271 -33.6626 78.5274
-34.1812 -31.7224 79.4682
-34.1534 -31.3737 79.6376
-34.1341 -31.155 79.744
-34.099 -30.7928 79.9203
-34.0671 -30.4932 80.0662
-34.0208 -30.0979 80.2589
-33.4992 -27.0184 81.7721
-33.4126 -26.6297 81.965
-33.3292 -26.2741 82.1419
-33.2255 -25.8538 82.3516
-33.1614 -25.6048 82.4761
-33.0571 -25.2154 82.6714
-33.0407 -25.1558 82.7013
-32.4376 -23.2005 83.6925
-32.0379 -22.0927 84.2629
-31.899 -21.7334 84.4495
-31.842 -21.5896 84.5244
-31.2785 -20.2577 85.2248
-31.1554 -19.9861 85.3693
-31.1306 -19.9321 85.398
-27.9582 -14.4469 88.4714
-26.8271 -12.9416 89.3834
-26.2769 -12.2675 89.8048
26.277 -12.2674 118.808
26.8271 -12.9414 119.23
27.9582 -14.4467 120.142
31.1307 -19.9319 123.215
31.1555 -19.9859 123.244
31.2787 -20.2575 123.388
31.8422 -21.5893 124.089
32.3921 -23.0675 124.853
32.7922 -24.2983 125.48
33.2338 -25.8858 126.278
33.2458 -25.9333 126.301
33.3216 -26.2416 126.455
33.3683 -26.4375 126.553
33.4437 -26.7658 126.716
33.5044 -27.0413 126.852
33.5778 -27.3899 127.025
34.0992 -30.7921 128.693
34.14 -31.218 128.9
34.1524 -31.3603 128.969
34.1872 -31.8002 129.183
34.2209 -32.3206 129.435
34.2728 -34.7985 130.636
34.0957 -37.7953 132.09
11.3367 -66.6244 150.864
8.03438 -67.5985 152.532
6.7 -67.8922 153.194
6.66843 -67.8985 153.21
4.91981 -68.1985 154.069
-0.9 -68.5416 156.896
-3.4147 -68.3829 158.117
-10.7525 -66.8232 161.757
-11.3363 -66.6245 162.056
-34.0954 -37.7955 180.829
-34.2631 -35.2357 182.072
-34.271 -33.6626 182.834
-34.1852 -31.7765 183.749
-34.1812 -31.7224 183.775
-34.1534 -31.3737 183.944
-34.1341 -31.155 184.051
-34.099 -30.7928 184.227
-34.0671 -30.4932 184.373
-34.0208 -30.0979 184.566
-33.4992 -27.0184 186.079
-33.4126 -26.6297 186.272
-33.3292 -26.2741 186.449
-33.2255 -25.8538 186.658
-33.1614 -25.6048 186.783
-33.0571 -25.2154 186.978
-33.0407 -25.1558 187.008
-32.4376 -23.2005 187.999
-32.168 -22.4405 188.39
-32.0379 -22.0927 188.57
-31.899 -21.7334 188.756
-31.842 -21.5896 188.831
-31.2785 -20.2577 189.531
-31.1554 -19.9861 189.676
-31.1306 -19.9321 189.705
-27.9582 -14.4469 192.778
-26.8271 -12.9416 193.69
-26.2769 -12.2675 194.111
26.277 -12.2673 223.115
26.8272 -12.9413 223.536
27.9583 -14.4467 224.448
31.1307 -19.9319 227.522
31.1556 -19.9859 227.551
31.2787 -20.2575 227.695
31.8422 -21.5893 228.395
32.3921 -23.0675 229.159
32.7922 -24.2983 229.786
33.2339 -25.8858 230.584
33.2458 -25.9332 230.608
33.3217 -26.2416 230.762
33.3683 -26.4375 230.859
33.4437 -26.7658 231.022
33.5044 -27.0412 231.159
33.5778 -27.3898 231.332
34.0992 -30.7921 232.999
34.14 -31.218 233.207
34.1525 -31.3603 233.276
34.1872 -31.8002 233.489
34.2209 -32.3206 233.742
34.2728 -34.7985 234.943
34.0957 -37.7953 236.397
11.3364 -66.6244 255.171
8.03417 -67.5985 256.839
6.7 -67.8922 257.501
6.66818 -67.8985 257.516
4.91946 -68.1985 258.376
1.9384 -68.4985 259.827
-2.71122e-10 -68.5533 260.767
-0.9 -68.5415 261.203
-3.41515 -68.3828 262.423
-10.7521 -66.8233 266.064
-11.3361 -66.6245 266.362
-34.1415 -37.3167 285.369
-34.212 -36.3791 285.824
-33.6587 -27.798 290
-32.4778 -23.3188 292.245
-27.9582 -14.4468 297.085
-26.8271 -12.9415 297.997
-26.2769 -12.2675 298.418
26.277 -12.2673 327.422
26.8272 -12.9413 327.843
27.9583 -14.4467 328.755
34.2639 -35.2173 339.452
34.1955 -36.6349 340.14
34.0614 -38.1129 340.858
32.9042 -43.8792 343.71
32.7879 -44.2693 343.908
30.4718 -49.9727 346.893
9.72471 -67.1449 360.298
8.19764 -67.5587 361.064
2.38099 -68.4706 363.919
1.54303 -68.5186 364.326
-4.28326 -68.2847 367.153
-5.22041 -68.1535 367.612
-12.5444 -66.1754 371.293
-13.3842 -65.8322 371.733
-23.1664 -59.5394 377.393
-23.5804 -59.1534 377.668
-23.5821 -59.1517 377.669
-24.442 -58.3073 378.253
-25.4801 -57.2037 378.986
-25.5813 -57.0907 379.06
-32.9407 -43.7525 386.5
-27.9582 -14.4468 401.391
-26.8271 -12.9415 402.303
-26.2769 -12.2674 402.725
26.277 -12.2673 431.728
26.8272 -12.9413 432.15
27.9583 -14.4467 433.062
28.0116 -54.0313 453.5
2.4732 -68.464 468.181
0.12014 -68.5531 469.322
-1.85061 -68.5034 470.277
-8.27622 -67.5392 473.428
-9.5987 -67.1819 474.092
-9.941 -67.0801 474.265
-11.4128 -66.5975 475.015
-21.0954 -61.2928 480.386
-30.555 -49.8098 487.649
-30.8552 -49.2046 487.976
-32.5942 -44.8832 490.234
-33.5674 -41.213 492.074
-34.0612 -38.1131 493.595
-34.1953 -36.6351 494.313
-34.2637 -35.2174 495.001
-27.9582 -14.4468 505.698
-26.8271 -12.9415 506.61
-26.2769 -12.2674 507.031
26.277 -12.2673 536.035
26.8272 -12.9413 536.456
27.9583 -14.4467 537.368
-27.9582 -14.4469 610.005
-26.8271 -12.9415 610.917
-26.2769 -12.2675 611.338
26.277 -12.2674 640.342
26.8271 -12.9414 640.763
27.9582 -14.4467 641.675
-27.9582 -14.4469 714.311
-26.8271 -12.9415 715.223
-26.2769 -12.2675 715.645
26.277 -12.2674 744.648
26.8271 -12.9414 745.07
27.9582 -14.4467 745.982
-27.9582 -14.4469 818.618
-26.8271 -12.9416 819.53
-26.2769 -12.2675 819.951
26.2769 -12.2675 848.955
26.8271 -12.9415 849.376
27.9582 -14.4468 850.288
-27.9581 -14.4469 922.925
-26.827 -12.9416 923.837
-26.2769 -12.2676 924.258
26.2766 -12.268 953.262
26.8268 -12.942 953.683
27.9579 -14.4474 954.595
-27.9581 -14.4469 1027.23
-26.827 -12.9416 1028.14
-26.2769 -12.2676 1028.56
26.2767 -12.268 1057.57
26.8268 -12.942 1057.99
27.9579 -14.4474 1058.9
-27.958 -14.4471 1131.54
-26.8269 -12.9418 1132.45
-26.2768 -12.2678 1132.87
26.2766 -12.2681 1161.87
26.8267 -12.9422 1162.3
27.9578 -14.4475 1163.21
-27.958 -14.4471 1235.84
-26.8269 -12.9418 1236.76
-26.2768 -12.2678 1237.18
26.2766 -12.2681 1266.18
26.8267 -12.9422 1266.6
27.9578 -14.4475 1267.51
-27.9581 -14.447 1340.15
-26.827 -12.9417 1341.06
-26.2768 -12.2677 1341.48
26.2766 -12.2681 1370.49
26.8267 -12.9422 1370.91
27.9578 -14.4475 1371.82
-27.9581 -14.447 1444.46
-26.827 -12.9417 1445.37
-26.2768 -12.2677 1445.79
26.2766 -12.2681 1474.79
26.8268 -12.9421 1475.22
27.9579 -14.4475 1476.13
-27.9581 -14.447 1548.76
-26.827 -12.9417 1549.68
-26.2768 -12.2677 1550.1
26.2765 -12.2682 1579.1
26.8267 -12.9422 1579.52
27.9578 -14.4476 1580.44
-27.9581 -14.447 1653.07
-26.827 -12.9417 1653.98
-26.2768 -12.2676 1654.4
26.2766 -12.2681 1683.41
26.8268 -12.9421 1683.83
27.9578 -14.4475 1684.74
-1.94081 -68.4983 1722
