 17.1841 -4.6187 8.7178
 26.2770 -12.2673 14.5017
 26.8272 -12.9414 14.9231
 27.9583 -14.4467 15.8352
 31.1307 -19.9319 18.9085
 31.1555 -19.9859 18.9373
 31.2787 -20.2575 19.0817
 31.8422 -21.5894 19.7822
 32.3921 -23.0675 20.5461
 32.7922 -24.2983 21.1729
 33.2458 -25.9333 21.9948
 33.3216 -26.2417 22.1486
 33.3683 -26.4375 22.2461
 33.4437 -26.7658 22.4092
 33.5044 -27.0413 22.5458
 33.5777 -27.3899 22.7184
 34.0991 -30.7921 24.3861
 34.1400 -31.2180 24.5933
 34.1524 -31.3603 24.6625
 34.1871 -31.8002 24.8762
 34.2209 -32.3206 25.1287
 34.2728 -34.7985 26.3294
 34.0956 -37.7953 27.7838
 27.7374 -54.4145 36.5016
 13.9041 -65.6067 45.2194
 11.3366 -66.6244 46.5574
 8.0344 -67.5985 48.2256
 6.7000 -67.8922 48.8874
 6.6684 -67.8985 48.9030
 -0.9000 -68.5416 52.5893
 -3.4147 -68.3829 53.8099
 -10.7525 -66.8232 57.4504
 -11.3363 -66.6245 57.7491
 -26.0258 -56.5824 66.4669
 -33.7015 -40.5291 75.1848
 -34.0954 -37.7955 76.5227
 -34.2631 -35.2357 77.7654
 -34.2710 -33.6626 78.5274
 -34.1812 -31.7224 79.4682
 -34.1534 -31.3737 79.6376
 -34.1341 -31.1550 79.7440
 -34.0990 -30.7928 79.9203
 -34.0671 -30.4932 80.0662
 -34.0208 -30.0979 80.2589
 -33.4992 -27.0184 81.7721
 -33.4126 -26.6297 81.9650
 -33.3292 -26.2741 82.1419
 -33.2255 -25.8538 82.3516
 -33.1614 -25.6048 82.4761
 -33.0571 -25.2154 82.6714
 -33.0407 -25.1558 82.7013
 -32.4376 -23.2005 83.6925
 -32.0379 -22.0927 84.2629
 -31.8990 -21.7334 84.4495
 -31.8420 -21.5896 84.5244
 -31.2785 -20.2577 85.2248
 -31.1554 -19.9861 85.3693
 -31.1306 -19.9321 85.3980
 -27.9582 -14.4469 88.4714
 -26.8271 -12.9416 89.3834
 -26.2769 -12.2675 89.8048
 -11.7022 -2.0596 98.5226
 6.0262 -0.5340 107.2405
 22.1307 -8.1018 115.9583
 26.2770 -12.2674 118.8083
 26.8271 -12.9414 119.2297
 27.9582 -14.4467 120.1418
 31.1307 -19.9319 123.2151
 31.1555 -19.9859 123.2439
 31.2787 -20.2575 123.3883
 31.8422 -21.5893 124.0887
 32.3921 -23.0675 124.8527
 32.7922 -24.2983 125.4795
 33.2338 -25.8858 126.2777
 33.2458 -25.9333 126.3013
 33.3216 -26.2416 126.4551
 33.3683 -26.4375 126.5527
 33.4437 -26.7658 126.7158
 33.5044 -27.0413 126.8524
 33.5778 -27.3899 127.0249
 34.0992 -30.7921 128.6927
 34.1400 -31.2180 128.8999
 34.1524 -31.3603 128.9691
 34.1872 -31.8002 129.1828
 34.2209 -32.3206 129.4353
 34.2728 -34.7985 130.6360
 34.0957 -37.7953 132.0904
 27.7374 -54.4145 140.8082
 13.9042 -65.6067 149.5260
 11.3367 -66.6244 150.8640
 8.0344 -67.5985 152.5322
 6.7000 -67.8922 153.1940
 6.6684 -67.8985 153.2096
 4.9198 -68.1985 154.0690
 -0.9000 -68.5416 156.8959
 -3.4147 -68.3829 158.1166
 -10.7525 -66.8232 161.7571
 -11.3363 -66.6245 162.0558
 -26.0258 -56.5824 170.7736
 -33.7015 -40.5291 179.4914
 -34.0954 -37.7955 180.8294
 -34.2631 -35.2357 182.0721
 -34.2710 -33.6626 182.8341
 -34.1852 -31.7765 183.7486
 -34.1812 -31.7224 183.7749
 -34.1534 -31.3737 183.9443
 -34.1341 -31.1550 184.0507
 -34.0990 -30.7928 184.2269
 -34.0671 -30.4932 184.3728
 -34.0208 -30.0979 184.5656
 -33.4992 -27.0184 186.0788
 -33.4126 -26.6297 186.2717
 -33.3292 -26.2741 186.4486
 -33.2255 -25.8538 186.6583
 -33.1614 -25.6048 186.7828
 -33.0571 -25.2154 186.9780
 -33.0407 -25.1558 187.0079
 -32.4376 -23.2005 187.9991
 -32.1680 -22.4405 188.3897
 -32.0379 -22.0927 188.5695
 -31.8990 -21.7334 188.7561
 -31.8420 -21.5896 188.8310
 -31.2785 -20.2577 189.5315
 -31.1554 -19.9861 189.6759
 -31.1306 -19.9321 189.7047
 -27.9582 -14.4469 192.7780
 -26.8271 -12.9416 193.6901
 -26.2769 -12.2675 194.1115
 -11.7022 -2.0596 202.8293
 6.0262 -0.5339 211.5471
 22.1307 -8.1018 220.2649
 26.2770 -12.2673 223.1150
 26.8272 -12.9413 223.5364
 27.9583 -14.4467 224.4484
 31.1307 -19.9319 227.5218
 31.1556 -19.9859 227.5505
 31.2787 -20.2575 227.6949
 31.8422 -21.5893 228.3954
 32.3921 -23.0675 229.1593
 32.7922 -24.2983 229.7862
 33.2339 -25.8858 230.5843
 33.2458 -25.9332 230.6080
 33.3217 -26.2416 230.7618
 33.3683 -26.4375 230.8593
 33.4437 -26.7658 231.0225
 33.5044 -27.0412 231.1591
 33.5778 -27.3898 231.3316
 34.0992 -30.7921 232.9994
 34.1400 -31.2180 233.2066
 34.1525 -31.3603 233.2757
 34.1872 -31.8002 233.4894
 34.2209 -32.3206 233.7420
 34.2728 -34.7985 234.9427
 34.0957 -37.7953 236.3971
 27.7374 -54.4145 245.1149
 13.9042 -65.6066 253.8327
 11.3364 -66.6244 255.1708
 8.0342 -67.5985 256.8390
 6.7000 -67.8922 257.5007
 6.6682 -67.8985 257.5164
 4.9195 -68.1985 258.3758
 1.9384 -68.4985 259.8273
 -0.0000 -68.5533 260.7666
 -0.9000 -68.5415 261.2026
 -3.4151 -68.3828 262.4234
 -10.7521 -66.8233 266.0635
 -11.3361 -66.6245 266.3623
 -26.0256 -56.5825 275.0801
 -33.7014 -40.5293 283.7979
 -34.1415 -37.3167 285.3690
 -34.2120 -36.3791 285.8244
 -33.6587 -27.7980 290.0000
 -32.4778 -23.3188 292.2452
 -27.9582 -14.4468 297.0846
 -26.8271 -12.9415 297.9967
 -26.2769 -12.2675 298.4181
 -11.7022 -2.0595 307.1359
 6.0262 -0.5339 315.8537
 22.1306 -8.1017 324.5715
 26.2770 -12.2673 327.4216
 26.8272 -12.9413 327.8430
 27.9583 -14.4467 328.7551
 34.1325 -31.1351 337.4729
 34.2639 -35.2173 339.4522
 34.1955 -36.6349 340.1396
 34.0614 -38.1129 340.8584
 32.9042 -43.8792 343.7104
 32.7879 -44.2693 343.9075
 30.4718 -49.9727 346.8929
 18.4969 -63.1342 355.6107
 9.7247 -67.1449 360.2978
 8.1976 -67.5587 361.0641
 2.3810 -68.4706 363.9192
 1.5430 -68.5186 364.3257
 -4.2833 -68.2847 367.1532
 -5.2204 -68.1535 367.6115
 -12.5444 -66.1754 371.2933
 -13.3842 -65.8322 371.7327
 -23.1664 -59.5394 377.3935
 -23.5804 -59.1534 377.6676
 -23.5821 -59.1517 377.6688
 -24.4420 -58.3073 378.2525
 -25.4801 -57.2037 378.9864
 -25.5813 -57.0907 379.0599
 -32.9407 -43.7525 386.5000
 -33.2526 -25.9613 395.2178
 -27.9582 -14.4468 401.3913
 -26.8271 -12.9415 402.3034
 -26.2769 -12.2674 402.7248
 -11.7022 -2.0595 411.4426
 6.0262 -0.5339 420.1604
 22.1306 -8.1017 428.8782
 26.2770 -12.2673 431.7283
 26.8272 -12.9413 432.1497
 27.9583 -14.4467 433.0617
 34.1325 -31.1351 441.7795
 31.1082 -48.6702 450.4974
 28.0116 -54.0313 453.5000
 14.3335 -65.4126 462.2178
 2.4732 -68.4640 468.1811
 0.1201 -68.5531 469.3217
 -1.8506 -68.5034 470.2767
 -8.2762 -67.5392 473.4283
 -9.5987 -67.1819 474.0918
 -9.9410 -67.0801 474.2648
 -11.4128 -66.5975 475.0150
 -21.0954 -61.2928 480.3855
 -30.5550 -49.8098 487.6489
 -30.8552 -49.2046 487.9761
 -32.5942 -44.8832 490.2339
 -33.5674 -41.2130 492.0738
 -34.0612 -38.1131 493.5946
 -34.1953 -36.6351 494.3134
 -34.2637 -35.2174 495.0009
 -30.1184 -17.9131 503.7187
 -27.9582 -14.4468 505.6980
 -26.8271 -12.9415 506.6100
 -26.2769 -12.2674 507.0314
 -11.7022 -2.0595 515.7492
 6.0262 -0.5339 524.4670
 22.1306 -8.1017 533.1849
 26.2770 -12.2673 536.0349
 26.8272 -12.9413 536.4563
 27.9583 -14.4467 537.3684
 34.1325 -31.1351 546.0862
 31.1082 -48.6701 554.8040
 19.7006 -62.3263 563.5218
 2.9838 -68.4232 572.2396
 -14.5371 -65.3180 580.9575
 -28.1403 -53.8473 589.6753
 -34.1599 -37.1025 598.3931
 -30.9736 -19.5962 607.1109
 -27.9582 -14.4469 610.0046
 -26.8271 -12.9415 610.9167
 -26.2769 -12.2675 611.3381
 -11.7022 -2.0596 620.0559
 6.0262 -0.5340 628.7737
 22.1307 -8.1018 637.4915
 26.2770 -12.2674 640.3416
 26.8271 -12.9414 640.7630
 27.9582 -14.4467 641.6750
 34.1324 -31.1352 650.3928
 31.1082 -48.6702 659.1107
 19.7006 -62.3263 667.8285
 2.9838 -68.4233 676.5463
 -14.5371 -65.3180 685.2641
 -28.1403 -53.8473 693.9819
 -34.1599 -37.1025 702.6997
 -30.9736 -19.5962 711.4175
 -27.9582 -14.4469 714.3113
 -26.8271 -12.9415 715.2233
 -26.2769 -12.2675 715.6447
 -11.7022 -2.0596 724.3625
 6.0262 -0.5340 733.0804
 22.1307 -8.1018 741.7982
 26.2770 -12.2674 744.6482
 26.8271 -12.9414 745.0696
 27.9582 -14.4467 745.9817
 34.1324 -31.1352 754.6995
 31.1082 -48.6702 763.4173
 19.7006 -62.3263 772.1351
 2.9838 -68.4233 780.8529
 -14.5371 -65.3180 789.5707
 -28.1403 -53.8473 798.2886
 -34.1599 -37.1025 807.0064
 -30.9736 -19.5962 815.7242
 -27.9582 -14.4469 818.6179
 -26.8271 -12.9416 819.5300
 -26.2769 -12.2675 819.9514
 -11.7021 -2.0597 828.6692
 6.0263 -0.5341 837.3870
 22.1307 -8.1020 846.1048
 26.2769 -12.2675 848.9549
 26.8271 -12.9415 849.3763
 27.9582 -14.4468 850.2883
 34.1324 -31.1353 859.0061
 31.1081 -48.6703 867.7240
 19.7004 -62.3264 876.4418
 2.9836 -68.4233 885.1596
 -14.5372 -65.3180 893.8774
 -28.1404 -53.8473 902.5952
 -34.1599 -37.1024 911.3131
 -30.9736 -19.5961 920.0309
 -27.9581 -14.4469 922.9246
 -26.8270 -12.9416 923.8367
 -26.2769 -12.2676 924.2581
 -11.7021 -2.0598 932.9759
 6.0263 -0.5345 941.6938
 22.1306 -8.1026 950.4117
 26.2766 -12.2680 953.2616
 26.8268 -12.9420 953.6830
 27.9579 -14.4474 954.5951
 34.1318 -31.1359 963.3130
 31.1073 -48.6708 972.0309
 19.6993 -62.3267 980.7487
 2.9824 -68.4232 989.4666
 -14.5383 -65.3174 998.1845
 -28.1411 -53.8462 1006.9024
 -34.1601 -37.1012 1015.6202
 -30.9731 -19.5950 1024.3381
 -27.9581 -14.4469 1027.2313
 -26.8270 -12.9416 1028.1433
 -26.2769 -12.2676 1028.5647
 -11.7021 -2.0598 1037.2826
 6.0263 -0.5345 1046.0005
 22.1306 -8.1026 1054.7183
 26.2767 -12.2680 1057.5683
 26.8268 -12.9420 1057.9897
 27.9579 -14.4474 1058.9017
 34.1319 -31.1358 1067.6196
 31.1073 -48.6708 1076.3375
 19.6994 -62.3266 1085.0554
 2.9825 -68.4232 1093.7732
 -14.5383 -65.3174 1102.4911
 -28.1411 -53.8462 1111.2090
 -34.1600 -37.1012 1119.9269
 -30.9729 -19.5951 1128.6448
 -27.9580 -14.4471 1131.5378
 -26.8269 -12.9418 1132.4499
 -26.2768 -12.2678 1132.8713
 -11.7020 -2.0600 1141.5892
 6.0264 -0.5347 1150.3071
 22.1307 -8.1028 1159.0250
 26.2766 -12.2681 1161.8748
 26.8267 -12.9422 1162.2962
 27.9578 -14.4475 1163.2083
 34.1318 -31.1360 1171.9262
 31.1073 -48.6709 1180.6441
 19.6993 -62.3267 1189.3620
 2.9824 -68.4232 1198.0799
 -14.5383 -65.3173 1206.7978
 -28.1411 -53.8462 1215.5157
 -34.1599 -37.1011 1224.2336
 -30.9728 -19.5950 1232.9515
 -27.9580 -14.4471 1235.8445
 -26.8269 -12.9418 1236.7565
 -26.2768 -12.2678 1237.1779
 -11.7020 -2.0601 1245.8958
 6.0264 -0.5347 1254.6137
 22.1307 -8.1028 1263.3316
 26.2766 -12.2681 1266.1815
 26.8267 -12.9422 1266.6029
 27.9578 -14.4475 1267.5150
 34.1318 -31.1360 1276.2329
 31.1073 -48.6709 1284.9507
 19.6993 -62.3267 1293.6686
 2.9825 -68.4233 1302.3865
 -14.5383 -65.3174 1311.1044
 -28.1410 -53.8463 1319.8223
 -34.1600 -37.1013 1328.5402
 -30.9729 -19.5952 1337.2581
 -27.9581 -14.4470 1340.1512
 -26.8270 -12.9417 1341.0633
 -26.2768 -12.2677 1341.4847
 -11.7020 -2.0600 1350.2026
 6.0264 -0.5347 1358.9205
 22.1306 -8.1028 1367.6383
 26.2766 -12.2681 1370.4882
 26.8267 -12.9422 1370.9096
 27.9578 -14.4475 1371.8217
 34.1318 -31.1360 1380.5396
 31.1073 -48.6709 1389.2574
 19.6993 -62.3268 1397.9753
 2.9824 -68.4233 1406.6932
 -14.5383 -65.3175 1415.4111
 -28.1411 -53.8464 1424.1290
 -34.1601 -37.1013 1432.8468
 -30.9730 -19.5952 1441.5647
 -27.9581 -14.4470 1444.4579
 -26.8270 -12.9417 1445.3700
 -26.2768 -12.2677 1445.7914
 -11.7020 -2.0600 1454.5092
 6.0264 -0.5347 1463.2271
 22.1306 -8.1028 1471.9450
 26.2766 -12.2681 1474.7948
 26.8268 -12.9421 1475.2162
 27.9579 -14.4475 1476.1283
 34.1318 -31.1359 1484.8462
 31.1073 -48.6709 1493.5641
 19.6993 -62.3267 1502.2820
 2.9824 -68.4232 1510.9999
 -14.5383 -65.3174 1519.7178
 -28.1411 -53.8462 1528.4356
 -34.1601 -37.1012 1537.1535
 -30.9730 -19.5950 1545.8714
 -27.9581 -14.4470 1548.7645
 -26.8270 -12.9417 1549.6766
 -26.2768 -12.2677 1550.0980
 -11.7020 -2.0600 1558.8159
 6.0264 -0.5347 1567.5338
 22.1306 -8.1029 1576.2517
 26.2765 -12.2682 1579.1015
 26.8267 -12.9422 1579.5230
 27.9578 -14.4476 1580.4350
 34.1317 -31.1361 1589.1529
 31.1071 -48.6710 1597.8708
 19.6991 -62.3268 1606.5887
 2.9822 -68.4232 1615.3066
 -14.5385 -65.3173 1624.0245
 -28.1412 -53.8461 1632.7424
 -34.1600 -37.1011 1641.4603
 -30.9729 -19.5949 1650.1781
 -27.9581 -14.4470 1653.0712
 -26.8270 -12.9417 1653.9832
 -26.2768 -12.2676 1654.4047
 -11.7020 -2.0599 1663.1225
 6.0264 -0.5346 1671.8404
 22.1306 -8.1028 1680.5583
 26.2766 -12.2681 1683.4082
 26.8268 -12.9421 1683.8296
 27.9578 -14.4475 1684.7417
 34.1318 -31.1360 1693.4596
 31.1072 -48.6709 1702.1774
 19.6993 -62.3267 1710.8953
 2.9824 -68.4232 1719.6132
 -1.9408 -68.4983 1722.0000
 -18.8358 -62.9141 1730.7179
 -30.6546 -49.6123 1739.4358
